generated1000-1.cav

2 32
1 3
2 4 34
5
36
5 7

7 9 40
8 40
9 40
10 12 42
11 13 43
44
13 15
16
15 17
16 18 48
17 19 49
18 20 50
19 50 51
20 22
21 23 53 54

25 55
24 26
27
26 57
27 29 58 59
28 30 60
31 61
30 62
1 33 63
2 3
33 35
34 36 66
5 35 37 67

7 39
8 70
9 10 41 71
10 40
11 41 74
12 42 74
13 43 45 75
44 46 76
15 45 76 77
16
17 47
18 50 80
19 49 51 81
81
21 53
22 52 54 84
22 23 53 85
24 54 85
25 57 87
26 56 58 88
26 27 57 59
58 60
29 61
60 62
31 93
32 64 94
33 95
34 64 66
67
36 66 98
67 69 99
68
39 71 101
40 70 102
41 104
42 72 74
42 73
74
75 77 107
108
47 79 109
78 111
79 81 111
80
51 83
82 84
53 83 85
54 86 116
55 87
56 118 119
57 89
58 120
89
60 90
61 93

63 95
64 94 126
95 127
66
129
68 98 100
69 99 101 131
70 100 102 132
101 103 133
104 133 134
105
106 135 137
75 105 107
76 106 138
77 109 139
78 108 141
109 111 141
110 112 142
81 111 113 143
82 114 144
83 113 145
84 114 145
85 115 147
116 118 148
117 119
118 120 150
88 89 119 121 151
120 122 152
91 153 154
92 122 154
123
94 156
95 125 127 157
128 157 158
97 127 129 159
130 160
129 131 161
100 130 132 162 163
131
102 132 134
103 133 165 166
104 105 134 136
105 135 167
105 106 136
107 139 169
108 138 140 170
109 141 170 171
109 110 140
111 141 174
112 174
113 145
114 115 146 176
115
146 148 177
117 147 149 179
118 148 150
151
152
121 151 153
152 184
122 123 185
124 154
187
126 156 189
127 159 189
158 160 190
159 191
130 192
161 193
132

134
134 135 165 167 197
136 166
137 169
138 168 170
139 140 169 171
170 202
141
142 174 204
143 173 175
144 174
208
146 147 176 208
147 148 179 209
148
149 211
180 182 212
181 183
182 184
153 183
154 186 216
155 185 217
218

158 188
159 191
222
161 162 191
162 192 194
163 193
226 227
165 227
198 228
197
168 198 230 231
199 231
200 202 232
233
172 202 204 234
173 203 205 234 235
174 204 236
207 237 238
176 206 208
207 209 239
210 240
209 211 241
212
213 243
214 244
183 215
214 216
185 215 217
216 248
219 249
188 220
219
190 252 253
191 221 253
192 222 224 254
193 223 255
194 226
195 225 227
195 226 258
197 227 229
198 228 230 261
231 261
230 232 262
233 263 264
232 264
233 266
204 234 236 266
205 235 237

206
208 238 270
209 239 271
210 240 242 272
211 241 243 273
244 273
213 245 275
214 246 277
215 247 277
216 246
217 247
218 250
249 251 281
220 252
221 251
221
223 253 255
224 256
255 257 287
256 258 287
257
228 258 290
229 259 261 291
260 291 292
230 231 261 293
262 264 294
232 233 263 295

234 235 265 267
266 268 298
237 299
237 238 268 270 300
300
240 272
241 271
242 274
243 275
244 274 276
245 275 277
245 276 278 308
279 308 309
278 310
281 311
282
281 283 312 313 314
284 314
315
254 284 316
255 285
257 286 288
257 289 319
288 290
259 289 291 321
261
261 291 293
262 292 294
263 293
264 294 326
295 297
296 328
267
268 298 300 330
269 270 301
270 332
301 333
302 333
273
274 306 336
307 336 337
276 308 338
339
278 308 310 340
279
280 342
281 343
282 312 314 344
282 283 313 345
284 316
285 315 317 347
286 316 318
287 319 349
320 350
289 319
290 320 322 352

322 324 354
325 355
356
295 327
297 328
327 359
360

300 330 332 362
301 331 363
303 334 364
303 333 335 365
304
305 306 335 367
306 336 338
307 337 368
308 338 370
309 341
340 372
311 343 373
312 342
313 343
314 344 346
315 345 347
316 317 348 378
347 349 379
318 348 350
319 349 381
350
322 353
354
353 355
356
387
326 388
389
328 360 390
361 391
360 391 392
331 361 363 393
364 394
333 365 395
334
365 367 397
336 366
337 338 369

339 371
372 401 402
341 371
342 374
343 344 375 405
344 374
345 375 407 408
376 408
377 379 409


382 412
381
382 414
353 383 414
354 384 386 416
355 385 387
386 388
357 358 389 420
358 420
359 391
360 361 390 392 422
361
392 394 424
363
364 396
397
366 398 428
367 399
400
399
371 400 402 432
370 403 433
372 433
373 405
404 406 437
375
376 406 408 438
377 407 409 439
408 410 440
378 379 409
380 412 442
411 442
382 412 443
415
445 446
417 447
386 416 418
417 449
449
419
390 422 452
391 421 453
392 422 424 454
456
394 424
395 425 427 457
396 457
397 427 429 458
430
399 431 461
400 430 463
401 431 433 463
432 464
403 464 465
436
405 435 467
438 468
407 437 439 469
408
410 441 471
410 440 442 472
411 441 443 473
413 442 444 474
413 443 475 476
415 444
415 447 477
416 446 478
417 479
418 419 448 450 480
449 451
450 452 482
421 451 453

453 455 485
486
424 455
426 456 458 488
427 428 459 489
458 460
429 459 461 490
429 462 492
461 493
431 462 494
433 434 495
496

466
437 438 467 469 499
438 439 468 470
439 469 471
440 470 472 502 503
441 473 503
442 472 504
443 473 475 505
444 474 505 507
444 445 477 507
476
477
448 478 480 510
449 479 481 511
450 480 512
451 483
484
483 485 515
454 484 486 516

486 488 518 519
487 519 520
490
459 489 491
460 490 492 522
491 493
462 492 494 523 524
463 493 525
496 526
495
466 498
529
468 498 530
469 499 501 531
470 502
471 501 503 532 533
471 472 504 534
473 503 535
474 475 506
507 537
475 506 538
509
508 510 540
479 509 511
480 510 512
511 513 544
482 544
513 515
516
484 515 547
518 548
487 519 549
518 520
489 519 521
520
491 521 523 553
522 524
523 555
526
495
526 558
497
530 560
499 529 531 562
530 562
531 533 563
502 532 534
503 533 565
504 534 565 566
505 537
536
539 569
508
509 539 570
540 572
511 543 573
512 574
512 575

515 547 577
546 548 578
517 549 579
517 518 550 579 580
519 549 581
520 550 552 582
551 553 583
552 554 584
523 553
554 556 586
525 555 557 587
558
527 557 589
590
529 559
530 562 592 593
530 561 563
531 532 562 564
533 563 565 595
534 564 566
535 565 567 596 597
536 598
537 567 569
538
539 540 601
570 602
571
542 572 574
543 573 575 606
574 576 607
545 607
546 576
547 609 610
549
549 579 581
550 580 612
551 581 613
552
553 583 585 615
554 584 586 615
555 585
556 618
557 589
588
591
560 590
591
561 562 594
563 564 593 595 625
594 596 626
565 566 595 627
566 596 628
567 628 629
568 600 630
599 601 631
570 600 602 632
603
602 604 634
573 605 635
606 636
574 575 605
576 608
607 609 639
578 608 610
609 611 641
580 610 641 642
581
582 614 644
583 615 645 646
584 585 614
615 617
616 647 648
617 649
588 620
589 651
622
591 621
592 622 624 654 655
592 593 623
594 624 626 656
627 657
596 658
597 598 627 629
598 628 660
599 631 661
600 630 632 662
601
602 632 664
603 633 635 665
604 634 636
635
606 638
637 669 670
608 609 638 640 670
609 639 641 671
610 611 640 672
611 643
642 644 674
613 645 675
614 644
645 677
615 646
617
650 679 680
619 649
682
621 653
654 684
623
623 624 654 656 686
655 657 687 688
656
627 657 689

629 659 661 691
630 660 692
663 693
632 662 694
633 663
634 666
665 667
636
636 637
638 670 700
639 669
672 703
641
642 672 674
643 675 705
644 674 676 706 707
645 677 707
646 676
677 679 709
648 678 680
649 679 711
650 682 712
651 681
684

684
655 685 687 717
656 718
656 687 719
658 688 720
721 722
660 690 692 722
661 693 723
694 724
663 693 695
664 726
665 695 697 727
667 696 698 728
697 699
668 700 729 730
669 699 701
669 670 732
701 703
672 704 734
674 705 735
674 706
675 707
675 676
677 707 709 739
678
679 711 741 742
680 710 712 742
681 713 743
682 712 744
683 715 745
684 746 747
685 747
686 716 718 747
687 749
688 750
719 751
690 720
690 692
754
693 725 756
694 724 756 757
695 725
696 726 758
697 759 760
698 728 730 760
699 760
701 732 762
701 764
732 734 764
735
704
705 766
706 736 738
769
738 770
709 739 741 771
710 742 772
711
712 713 744
743 775
746
715 745 747 777
715 746
717 747 749 779
748
719
752
721 753
722 754 784
723 755
724
724 757 787
725 726 758
727 757 759 789
758 760
728 759 761 791
760
731
762
733 763
766 796
735 736 798
736 766 768 798
767 769 799
738 768 770
739 769 801
770 802
741 771 773 803
742 772
773 805

745 807
778
747 779 809
748 780
749
750 780 782
781 783
784 813 814
753 783
754 784 816
755 785 787 816
756 786 788 818
757 787 789 820
758 790 820
789 821
760 792
761 793 823

793 795
764 796
795 797 827
796 828
767 829
800
769 799 831
770 802
771 803 833
802 804 834
803 805 835
774 804 836
775 837
776
777 809
777 839
779 811 842
842
781 813
781 782
783 813
816 846
785 786 817
786 848
817
788 818 849

820 852
791 823
792 822 824
793 823
794 824 826 856
795 825
796
827 858 859
828 830 860
799 829 861
800 830 832 861
801 831 833
803 832 834
803 833 835 865
805 866
805 835 837 867
806
807 839 869
808 809 840
808 809 839 841 871
840 842 872
810 811
842 844
813 843 845
814 844 846
815 845 847 877
815 848 878
817 847 849 879
818 850 880
849 882
820 881 882
821 851 853 884
822 852 884
885
854
855 857 887
826 856 888
828 857 859 889
828 858 860

830 860 862 892
831 861 863 893
832 862
863 895 896
866
865 867
836 866 898
867 898 899
838 870 900
871 900 901
840 870 872
871 873 903
874
873 875
844 876 906 907
845 907
876 908
877 909
878 910
849
851 912
850 851
882
883
884 886
885 917
856 888
889 919
890 920
889
860 890 892 921
861 923
892 894 924
863 895 925
894 926
897 927
866 867
897 929
898 929 930
870 901 931
902
871 903 933
934
935
874 904 906 936
905 907
906
907 909 939 940
908 910
911 941
912 942
881
912 914
883 945 946
884 916 946
947
916 948
887 917 919 948 949
888 918 920 950
889 951
890 920 952
891 921 923 953
892 924 954
893 925 955
924 926
895
896 928 958
927 929 959
898 928 930 960

900 932
901 931 933
934 963 964
903 935 965
904 934 936
967
906 936
969
940
909 939 941
910 942 972
911 943 973
912 942
913 945
946 976
914 977
916 946 978
917 918 947 949 979
948 950
919
952 983
921 951 953 983
922
923
924 986
925 955 987
958 987
927 957 959
928 960 990
959
930
963 993
932 994
963 965
966
935 997
966 968 998
967 969 999
938 968 970 1000
939 969
972
941 971 973
942 972 974
973
976
944 945 977
946 976 978
977 979
978
979
982
981
951 952
983
986
954 955 987
956 957 986
956 957
958 990
959 989 991
990 992
961
994
963 993

997
965 966 996 998
967 999
968 998


Node 1, index 1: 1,2 Connections: 2 32
Node 2, index 2: 19,2 Connections: 1 3
Node 3, index 3: 33,4 Connections: 2 4 34
Node 4, index 4: 51,3 Connections: 5
Node 5, index 5: 67,0 Connections: 36
Node 6, index 6: 80,0 Connections: 5 7
Node 7, index 7: 99,2 Connections: 
Node 8, index 8: 116,2 Connections: 7 9 40
Node 9, index 9: 130,0 Connections: 8 40
Node 10, index 10: 146,4 Connections: 9 40
Node 11, index 11: 161,0 Connections: 10 12 42
Node 12, index 12: 179,1 Connections: 11 13 43
Node 13, index 13: 192,0 Connections: 44
Node 14, index 14: 210,0 Connections: 13 15
Node 15, index 15: 226,3 Connections: 16
Node 16, index 16: 242,3 Connections: 15 17
Node 17, index 17: 260,4 Connections: 16 18 48
Node 18, index 18: 274,1 Connections: 17 19 49
Node 19, index 19: 292,2 Connections: 18 20 50
Node 20, index 20: 304,4 Connections: 19 50 51
Node 21, index 21: 321,1 Connections: 20 22
Node 22, index 22: 340,3 Connections: 21 23 53 54
Node 23, index 23: 353,0 Connections: 
Node 24, index 24: 371,2 Connections: 25 55
Node 25, index 25: 384,1 Connections: 24 26
Node 26, index 26: 402,4 Connections: 27
Node 27, index 27: 416,1 Connections: 26 57
Node 28, index 28: 432,3 Connections: 27 29 58 59
Node 29, index 29: 450,0 Connections: 28 30 60
Node 30, index 30: 467,2 Connections: 31 61
Node 31, index 31: 482,3 Connections: 30 62
Node 32, index 32: 1,18 Connections: 1 33 63
Node 33, index 33: 20,19 Connections: 2 3
Node 34, index 34: 33,19 Connections: 33 35
Node 35, index 35: 51,18 Connections: 34 36 66
Node 36, index 36: 65,17 Connections: 5 35 37 67
Node 37, index 37: 83,20 Connections: 
Node 38, index 38: 98,17 Connections: 7 39
Node 39, index 39: 116,18 Connections: 8 70
Node 40, index 40: 130,16 Connections: 9 10 41 71
Node 41, index 41: 148,17 Connections: 10 40
Node 42, index 42: 163,19 Connections: 11 41 74
Node 43, index 43: 177,16 Connections: 12 42 74
Node 44, index 44: 194,16 Connections: 13 43 45 75
Node 45, index 45: 209,17 Connections: 44 46 76
Node 46, index 46: 226,20 Connections: 15 45 76 77
Node 47, index 47: 243,16 Connections: 16
Node 48, index 48: 256,19 Connections: 17 47
Node 49, index 49: 275,18 Connections: 18 50 80
Node 50, index 50: 290,18 Connections: 19 49 51 81
Node 51, index 51: 304,19 Connections: 81
Node 52, index 52: 324,18 Connections: 21 53
Node 53, index 53: 337,16 Connections: 22 52 54 84
Node 54, index 54: 352,17 Connections: 22 23 53 85
Node 55, index 55: 368,18 Connections: 24 54 85
Node 56, index 56: 387,20 Connections: 25 57 87
Node 57, index 57: 404,17 Connections: 26 56 58 88
Node 58, index 58: 417,16 Connections: 26 27 57 59
Node 59, index 59: 432,18 Connections: 58 60
Node 60, index 60: 450,19 Connections: 29 61
Node 61, index 61: 468,18 Connections: 60 62
Node 62, index 62: 482,18 Connections: 31 93
Node 63, index 63: 4,34 Connections: 32 64 94
Node 64, index 64: 18,35 Connections: 33 95
Node 65, index 65: 35,34 Connections: 34 64 66
Node 66, index 66: 52,35 Connections: 67
Node 67, index 67: 64,34 Connections: 36 66 98
Node 68, index 68: 82,32 Connections: 67 69 99
Node 69, index 69: 98,35 Connections: 68
Node 70, index 70: 116,34 Connections: 39 71 101
Node 71, index 71: 130,36 Connections: 40 70 102
Node 72, index 72: 148,36 Connections: 41 104
Node 73, index 73: 163,33 Connections: 42 72 74
Node 74, index 74: 177,32 Connections: 42 73
Node 75, index 75: 192,33 Connections: 74
Node 76, index 76: 210,32 Connections: 75 77 107
Node 77, index 77: 226,36 Connections: 108
Node 78, index 78: 240,33 Connections: 47 79 109
Node 79, index 79: 259,36 Connections: 78 111
Node 80, index 80: 276,36 Connections: 79 81 111
Node 81, index 81: 291,34 Connections: 80
Node 82, index 82: 306,34 Connections: 51 83
Node 83, index 83: 323,34 Connections: 82 84
Node 84, index 84: 337,34 Connections: 53 83 85
Node 85, index 85: 356,32 Connections: 54 86 116
Node 86, index 86: 368,32 Connections: 55 87
Node 87, index 87: 387,34 Connections: 56 118 119
Node 88, index 88: 401,35 Connections: 57 89
Node 89, index 89: 418,34 Connections: 58 120
Node 90, index 90: 436,34 Connections: 89
Node 91, index 91: 448,32 Connections: 60 90
Node 92, index 92: 467,35 Connections: 61 93
Node 93, index 93: 483,33 Connections: 
Node 94, index 94: 0,52 Connections: 63 95
Node 95, index 95: 16,52 Connections: 64 94 126
Node 96, index 96: 34,52 Connections: 95 127
Node 97, index 97: 48,52 Connections: 66
Node 98, index 98: 68,51 Connections: 129
Node 99, index 99: 84,51 Connections: 68 98 100
Node 100, index 100: 96,48 Connections: 69 99 101 131
Node 101, index 101: 113,51 Connections: 70 100 102 132
Node 102, index 102: 129,50 Connections: 101 103 133
Node 103, index 103: 145,51 Connections: 104 133 134
Node 104, index 104: 161,48 Connections: 105
Node 105, index 105: 178,52 Connections: 106 135 137
Node 106, index 106: 194,49 Connections: 75 105 107
Node 107, index 107: 210,49 Connections: 76 106 138
Node 108, index 108: 227,51 Connections: 77 109 139
Node 109, index 109: 243,52 Connections: 78 108 141
Node 110, index 110: 257,52 Connections: 109 111 141
Node 111, index 111: 272,51 Connections: 110 112 142
Node 112, index 112: 291,52 Connections: 81 111 113 143
Node 113, index 113: 307,51 Connections: 82 114 144
Node 114, index 114: 322,48 Connections: 83 113 145
Node 115, index 115: 338,52 Connections: 84 114 145
Node 116, index 116: 355,49 Connections: 85 115 147
Node 117, index 117: 369,49 Connections: 116 118 148
Node 118, index 118: 386,49 Connections: 117 119
Node 119, index 119: 401,48 Connections: 118 120 150
Node 120, index 120: 416,48 Connections: 88 89 119 121 151
Node 121, index 121: 435,50 Connections: 120 122 152
Node 122, index 122: 452,51 Connections: 91 153 154
Node 123, index 123: 464,49 Connections: 92 122 154
Node 124, index 124: 484,49 Connections: 123
Node 125, index 125: 1,67 Connections: 94 156
Node 126, index 126: 18,67 Connections: 95 125 127 157
Node 127, index 127: 33,68 Connections: 128 157 158
Node 128, index 128: 50,65 Connections: 97 127 129 159
Node 129, index 129: 66,64 Connections: 130 160
Node 130, index 130: 84,65 Connections: 129 131 161
Node 131, index 131: 100,67 Connections: 100 130 132 162 163
Node 132, index 132: 112,65 Connections: 131
Node 133, index 133: 130,64 Connections: 102 132 134
Node 134, index 134: 147,66 Connections: 103 133 165 166
Node 135, index 135: 162,64 Connections: 104 105 134 136
Node 136, index 136: 179,66 Connections: 105 135 167
Node 137, index 137: 192,65 Connections: 105 106 136
Node 138, index 138: 212,67 Connections: 107 139 169
Node 139, index 139: 227,66 Connections: 108 138 140 170
Node 140, index 140: 240,67 Connections: 109 141 170 171
Node 141, index 141: 257,65 Connections: 109 110 140
Node 142, index 142: 275,68 Connections: 111 141 174
Node 143, index 143: 288,64 Connections: 112 174
Node 144, index 144: 308,64 Connections: 113 145
Node 145, index 145: 324,65 Connections: 114 115 146 176
Node 146, index 146: 338,65 Connections: 115
Node 147, index 147: 352,68 Connections: 146 148 177
Node 148, index 148: 370,68 Connections: 117 147 149 179
Node 149, index 149: 384,68 Connections: 118 148 150
Node 150, index 150: 401,64 Connections: 151
Node 151, index 151: 419,64 Connections: 152
Node 152, index 152: 434,64 Connections: 121 151 153
Node 153, index 153: 451,68 Connections: 152 184
Node 154, index 154: 466,64 Connections: 122 123 185
Node 155, index 155: 482,68 Connections: 124 154
Node 156, index 156: 2,82 Connections: 187
Node 157, index 157: 20,80 Connections: 126 156 189
Node 158, index 158: 36,81 Connections: 127 159 189
Node 159, index 159: 48,83 Connections: 158 160 190
Node 160, index 160: 65,81 Connections: 159 191
Node 161, index 161: 80,80 Connections: 130 192
Node 162, index 162: 96,84 Connections: 161 193
Node 163, index 163: 112,83 Connections: 132
Node 164, index 164: 132,84 Connections: 
Node 165, index 165: 145,81 Connections: 134
Node 166, index 166: 160,81 Connections: 134 135 165 167 197
Node 167, index 167: 176,83 Connections: 136 166
Node 168, index 168: 196,80 Connections: 137 169
Node 169, index 169: 210,84 Connections: 138 168 170
Node 170, index 170: 228,81 Connections: 139 140 169 171
Node 171, index 171: 244,82 Connections: 170 202
Node 172, index 172: 256,82 Connections: 141
Node 173, index 173: 274,84 Connections: 142 174 204
Node 174, index 174: 290,81 Connections: 143 173 175
Node 175, index 175: 306,80 Connections: 144 174
Node 176, index 176: 324,84 Connections: 208
Node 177, index 177: 339,80 Connections: 146 147 176 208
Node 178, index 178: 354,80 Connections: 147 148 179 209
Node 179, index 179: 369,83 Connections: 148
Node 180, index 180: 386,81 Connections: 149 211
Node 181, index 181: 403,84 Connections: 180 182 212
Node 182, index 182: 419,83 Connections: 181 183
Node 183, index 183: 433,83 Connections: 182 184
Node 184, index 184: 451,80 Connections: 153 183
Node 185, index 185: 466,83 Connections: 154 186 216
Node 186, index 186: 484,83 Connections: 155 185 217
Node 187, index 187: 3,96 Connections: 218
Node 188, index 188: 19,100 Connections: 
Node 189, index 189: 32,96 Connections: 158 188
Node 190, index 190: 48,100 Connections: 159 191
Node 191, index 191: 64,99 Connections: 222
Node 192, index 192: 80,96 Connections: 161 162 191
Node 193, index 193: 96,96 Connections: 162 192 194
Node 194, index 194: 112,97 Connections: 163 193
Node 195, index 195: 132,99 Connections: 226 227
Node 196, index 196: 145,100 Connections: 165 227
Node 197, index 197: 160,97 Connections: 198 228
Node 198, index 198: 180,97 Connections: 197
Node 199, index 199: 196,100 Connections: 168 198 230 231
Node 200, index 200: 209,97 Connections: 199 231
Node 201, index 201: 227,98 Connections: 200 202 232
Node 202, index 202: 244,98 Connections: 233
Node 203, index 203: 256,99 Connections: 172 202 204 234
Node 204, index 204: 272,98 Connections: 173 203 205 234 235
Node 205, index 205: 288,99 Connections: 174 204 236
Node 206, index 206: 307,100 Connections: 207 237 238
Node 207, index 207: 322,96 Connections: 176 206 208
Node 208, index 208: 340,96 Connections: 207 209 239
Node 209, index 209: 353,98 Connections: 210 240
Node 210, index 210: 371,99 Connections: 209 211 241
Node 211, index 211: 385,97 Connections: 212
Node 212, index 212: 400,100 Connections: 213 243
Node 213, index 213: 416,96 Connections: 214 244
Node 214, index 214: 434,98 Connections: 183 215
Node 215, index 215: 450,97 Connections: 214 216
Node 216, index 216: 464,98 Connections: 185 215 217
Node 217, index 217: 483,100 Connections: 216 248
Node 218, index 218: 1,114 Connections: 219 249
Node 219, index 219: 19,112 Connections: 188 220
Node 220, index 220: 33,116 Connections: 219
Node 221, index 221: 52,115 Connections: 190 252 253
Node 222, index 222: 67,113 Connections: 191 221 253
Node 223, index 223: 82,112 Connections: 192 222 224 254
Node 224, index 224: 96,116 Connections: 193 223 255
Node 225, index 225: 116,114 Connections: 194 226
Node 226, index 226: 130,115 Connections: 195 225 227
Node 227, index 227: 145,112 Connections: 195 226 258
Node 228, index 228: 160,116 Connections: 197 227 229
Node 229, index 229: 179,116 Connections: 198 228 230 261
Node 230, index 230: 196,116 Connections: 231 261
Node 231, index 231: 211,113 Connections: 230 232 262
Node 232, index 232: 228,116 Connections: 233 263 264
Node 233, index 233: 243,116 Connections: 232 264
Node 234, index 234: 260,114 Connections: 233 266
Node 235, index 235: 273,116 Connections: 204 234 236 266
Node 236, index 236: 289,115 Connections: 205 235 237
Node 237, index 237: 308,116 Connections: 
Node 238, index 238: 322,112 Connections: 206
Node 239, index 239: 336,113 Connections: 208 238 270
Node 240, index 240: 354,114 Connections: 209 239 271
Node 241, index 241: 372,114 Connections: 210 240 242 272
Node 242, index 242: 385,113 Connections: 211 241 243 273
Node 243, index 243: 401,114 Connections: 244 273
Node 244, index 244: 419,114 Connections: 213 245 275
Node 245, index 245: 435,115 Connections: 214 246 277
Node 246, index 246: 448,113 Connections: 215 247 277
Node 247, index 247: 466,114 Connections: 216 246
Node 248, index 248: 484,115 Connections: 217 247
Node 249, index 249: 3,131 Connections: 218 250
Node 250, index 250: 19,132 Connections: 249 251 281
Node 251, index 251: 35,128 Connections: 220 252
Node 252, index 252: 48,130 Connections: 221 251
Node 253, index 253: 65,129 Connections: 221
Node 254, index 254: 80,129 Connections: 223 253 255
Node 255, index 255: 97,130 Connections: 224 256
Node 256, index 256: 112,132 Connections: 255 257 287
Node 257, index 257: 129,130 Connections: 256 258 287
Node 258, index 258: 147,128 Connections: 257
Node 259, index 259: 160,132 Connections: 228 258 290
Node 260, index 260: 177,128 Connections: 229 259 261 291
Node 261, index 261: 192,129 Connections: 260 291 292
Node 262, index 262: 210,130 Connections: 230 231 261 293
Node 263, index 263: 226,132 Connections: 262 264 294
Node 264, index 264: 240,131 Connections: 232 233 263 295
Node 265, index 265: 260,129 Connections: 
Node 266, index 266: 273,128 Connections: 234 235 265 267
Node 267, index 267: 290,129 Connections: 266 268 298
Node 268, index 268: 306,129 Connections: 237 299
Node 269, index 269: 320,130 Connections: 237 238 268 270 300
Node 270, index 270: 339,131 Connections: 300
Node 271, index 271: 353,129 Connections: 240 272
Node 272, index 272: 369,131 Connections: 241 271
Node 273, index 273: 388,129 Connections: 242 274
Node 274, index 274: 404,129 Connections: 243 275
Node 275, index 275: 416,128 Connections: 244 274 276
Node 276, index 276: 434,132 Connections: 245 275 277
Node 277, index 277: 449,128 Connections: 245 276 278 308
Node 278, index 278: 465,131 Connections: 279 308 309
Node 279, index 279: 483,132 Connections: 278 310
Node 280, index 280: 4,146 Connections: 281 311
Node 281, index 281: 20,145 Connections: 282
Node 282, index 282: 32,148 Connections: 281 283 312 313 314
Node 283, index 283: 49,146 Connections: 284 314
Node 284, index 284: 67,148 Connections: 315
Node 285, index 285: 83,145 Connections: 254 284 316
Node 286, index 286: 99,148 Connections: 255 285
Node 287, index 287: 116,145 Connections: 257 286 288
Node 288, index 288: 130,147 Connections: 257 289 319
Node 289, index 289: 144,148 Connections: 288 290
Node 290, index 290: 161,144 Connections: 259 289 291 321
Node 291, index 291: 180,144 Connections: 261
Node 292, index 292: 195,144 Connections: 261 291 293
Node 293, index 293: 210,144 Connections: 262 292 294
Node 294, index 294: 226,147 Connections: 263 293
Node 295, index 295: 244,145 Connections: 264 294 326
Node 296, index 296: 258,146 Connections: 295 297
Node 297, index 297: 272,148 Connections: 296 328
Node 298, index 298: 292,144 Connections: 267
Node 299, index 299: 307,147 Connections: 268 298 300 330
Node 300, index 300: 324,144 Connections: 269 270 301
Node 301, index 301: 336,147 Connections: 270 332
Node 302, index 302: 354,145 Connections: 301 333
Node 303, index 303: 368,147 Connections: 302 333
Node 304, index 304: 388,146 Connections: 273
Node 305, index 305: 404,145 Connections: 274 306 336
Node 306, index 306: 417,148 Connections: 307 336 337
Node 307, index 307: 435,148 Connections: 276 308 338
Node 308, index 308: 451,145 Connections: 339
Node 309, index 309: 467,147 Connections: 278 308 310 340
Node 310, index 310: 480,146 Connections: 279
Node 311, index 311: 0,161 Connections: 280 342
Node 312, index 312: 19,160 Connections: 281 343
Node 313, index 313: 36,163 Connections: 282 312 314 344
Node 314, index 314: 48,160 Connections: 282 283 313 345
Node 315, index 315: 66,164 Connections: 284 316
Node 316, index 316: 82,164 Connections: 285 315 317 347
Node 317, index 317: 96,162 Connections: 286 316 318
Node 318, index 318: 115,162 Connections: 287 319 349
Node 319, index 319: 132,160 Connections: 320 350
Node 320, index 320: 146,164 Connections: 289 319
Node 321, index 321: 163,161 Connections: 290 320 322 352
Node 322, index 322: 177,164 Connections: 
Node 323, index 323: 196,160 Connections: 322 324 354
Node 324, index 324: 212,164 Connections: 325 355
Node 325, index 325: 224,163 Connections: 356
Node 326, index 326: 241,162 Connections: 295 327
Node 327, index 327: 258,160 Connections: 297 328
Node 328, index 328: 272,162 Connections: 327 359
Node 329, index 329: 288,162 Connections: 360
Node 330, index 330: 305,160 Connections: 
Node 331, index 331: 321,163 Connections: 300 330 332 362
Node 332, index 332: 338,163 Connections: 301 331 363
Node 333, index 333: 356,162 Connections: 303 334 364
Node 334, index 334: 372,164 Connections: 303 333 335 365
Node 335, index 335: 387,161 Connections: 304
Node 336, index 336: 404,160 Connections: 305 306 335 367
Node 337, index 337: 420,162 Connections: 306 336 338
Node 338, index 338: 433,162 Connections: 307 337 368
Node 339, index 339: 448,164 Connections: 308 338 370
Node 340, index 340: 465,160 Connections: 309 341
Node 341, index 341: 480,162 Connections: 340 372
Node 342, index 342: 1,180 Connections: 311 343 373
Node 343, index 343: 20,177 Connections: 312 342
Node 344, index 344: 32,180 Connections: 313 343
Node 345, index 345: 51,177 Connections: 314 344 346
Node 346, index 346: 66,178 Connections: 315 345 347
Node 347, index 347: 83,177 Connections: 316 317 348 378
Node 348, index 348: 96,176 Connections: 347 349 379
Node 349, index 349: 112,180 Connections: 318 348 350
Node 350, index 350: 130,176 Connections: 319 349 381
Node 351, index 351: 145,176 Connections: 350
Node 352, index 352: 163,178 Connections: 322 353
Node 353, index 353: 177,179 Connections: 354
Node 354, index 354: 193,179 Connections: 353 355
Node 355, index 355: 211,179 Connections: 356
Node 356, index 356: 227,180 Connections: 387
Node 357, index 357: 243,177 Connections: 326 388
Node 358, index 358: 257,180 Connections: 389
Node 359, index 359: 272,177 Connections: 328 360 390
Node 360, index 360: 292,177 Connections: 361 391
Node 361, index 361: 305,180 Connections: 360 391 392
Node 362, index 362: 320,178 Connections: 331 361 363 393
Node 363, index 363: 338,180 Connections: 364 394
Node 364, index 364: 353,178 Connections: 333 365 395
Node 365, index 365: 372,178 Connections: 334
Node 366, index 366: 388,178 Connections: 365 367 397
Node 367, index 367: 401,177 Connections: 336 366
Node 368, index 368: 419,176 Connections: 337 338 369
Node 369, index 369: 432,179 Connections: 
Node 370, index 370: 452,178 Connections: 339 371
Node 371, index 371: 464,180 Connections: 372 401 402
Node 372, index 372: 481,177 Connections: 341 371
Node 373, index 373: 2,194 Connections: 342 374
Node 374, index 374: 20,193 Connections: 343 344 375 405
Node 375, index 375: 35,193 Connections: 344 374
Node 376, index 376: 51,196 Connections: 345 375 407 408
Node 377, index 377: 64,195 Connections: 376 408
Node 378, index 378: 83,196 Connections: 377 379 409
Node 379, index 379: 97,193 Connections: 
Node 380, index 380: 112,194 Connections: 
Node 381, index 381: 130,192 Connections: 382 412
Node 382, index 382: 144,192 Connections: 381
Node 383, index 383: 160,196 Connections: 382 414
Node 384, index 384: 176,196 Connections: 353 383 414
Node 385, index 385: 195,196 Connections: 354 384 386 416
Node 386, index 386: 212,195 Connections: 355 385 387
Node 387, index 387: 226,195 Connections: 386 388
Node 388, index 388: 244,194 Connections: 357 358 389 420
Node 389, index 389: 259,194 Connections: 358 420
Node 390, index 390: 274,196 Connections: 359 391
Node 391, index 391: 289,192 Connections: 360 361 390 392 422
Node 392, index 392: 306,193 Connections: 361
Node 393, index 393: 324,192 Connections: 392 394 424
Node 394, index 394: 336,194 Connections: 363
Node 395, index 395: 352,195 Connections: 364 396
Node 396, index 396: 371,194 Connections: 397
Node 397, index 397: 385,195 Connections: 366 398 428
Node 398, index 398: 403,192 Connections: 367 399
Node 399, index 399: 418,195 Connections: 400
Node 400, index 400: 435,192 Connections: 399
Node 401, index 401: 450,192 Connections: 371 400 402 432
Node 402, index 402: 465,193 Connections: 370 403 433
Node 403, index 403: 480,196 Connections: 372 433
Node 404, index 404: 0,210 Connections: 373 405
Node 405, index 405: 19,212 Connections: 404 406 437
Node 406, index 406: 34,208 Connections: 375
Node 407, index 407: 48,211 Connections: 376 406 408 438
Node 408, index 408: 65,209 Connections: 377 407 409 439
Node 409, index 409: 81,209 Connections: 408 410 440
Node 410, index 410: 96,210 Connections: 378 379 409
Node 411, index 411: 114,211 Connections: 380 412 442
Node 412, index 412: 128,211 Connections: 411 442
Node 413, index 413: 144,212 Connections: 382 412 443
Node 414, index 414: 164,209 Connections: 415
Node 415, index 415: 176,211 Connections: 445 446
Node 416, index 416: 196,212 Connections: 417 447
Node 417, index 417: 208,212 Connections: 386 416 418
Node 418, index 418: 227,208 Connections: 417 449
Node 419, index 419: 242,212 Connections: 449
Node 420, index 420: 256,209 Connections: 419
Node 421, index 421: 275,208 Connections: 390 422 452
Node 422, index 422: 290,211 Connections: 391 421 453
Node 423, index 423: 307,209 Connections: 392 422 424 454
Node 424, index 424: 324,212 Connections: 456
Node 425, index 425: 338,211 Connections: 394 424
Node 426, index 426: 354,208 Connections: 395 425 427 457
Node 427, index 427: 368,211 Connections: 396 457
Node 428, index 428: 386,212 Connections: 397 427 429 458
Node 429, index 429: 403,212 Connections: 430
Node 430, index 430: 417,211 Connections: 399 431 461
Node 431, index 431: 436,209 Connections: 400 430 463
Node 432, index 432: 448,209 Connections: 401 431 433 463
Node 433, index 433: 464,208 Connections: 432 464
Node 434, index 434: 483,212 Connections: 403 464 465
Node 435, index 435: 1,226 Connections: 436
Node 436, index 436: 19,228 Connections: 405 435 467
Node 437, index 437: 32,226 Connections: 438 468
Node 438, index 438: 51,228 Connections: 407 437 439 469
Node 439, index 439: 64,227 Connections: 408
Node 440, index 440: 84,225 Connections: 410 441 471
Node 441, index 441: 98,226 Connections: 410 440 442 472
Node 442, index 442: 113,224 Connections: 411 441 443 473
Node 443, index 443: 131,226 Connections: 413 442 444 474
Node 444, index 444: 147,228 Connections: 413 443 475 476
Node 445, index 445: 163,226 Connections: 415 444
Node 446, index 446: 179,225 Connections: 415 447 477
Node 447, index 447: 192,225 Connections: 416 446 478
Node 448, index 448: 212,227 Connections: 417 479
Node 449, index 449: 228,226 Connections: 418 419 448 450 480
Node 450, index 450: 244,225 Connections: 449 451
Node 451, index 451: 259,224 Connections: 450 452 482
Node 452, index 452: 275,227 Connections: 421 451 453
Node 453, index 453: 289,224 Connections: 
Node 454, index 454: 308,227 Connections: 453 455 485
Node 455, index 455: 324,227 Connections: 486
Node 456, index 456: 340,224 Connections: 424 455
Node 457, index 457: 354,224 Connections: 426 456 458 488
Node 458, index 458: 370,224 Connections: 427 428 459 489
Node 459, index 459: 387,227 Connections: 458 460
Node 460, index 460: 401,227 Connections: 429 459 461 490
Node 461, index 461: 417,224 Connections: 429 462 492
Node 462, index 462: 436,228 Connections: 461 493
Node 463, index 463: 448,225 Connections: 431 462 494
Node 464, index 464: 468,225 Connections: 433 434 495
Node 465, index 465: 484,228 Connections: 496
Node 466, index 466: 2,240 Connections: 
Node 467, index 467: 17,240 Connections: 466
Node 468, index 468: 36,240 Connections: 437 438 467 469 499
Node 469, index 469: 51,242 Connections: 438 439 468 470
Node 470, index 470: 67,242 Connections: 439 469 471
Node 471, index 471: 84,241 Connections: 440 470 472 502 503
Node 472, index 472: 96,242 Connections: 441 473 503
Node 473, index 473: 113,242 Connections: 442 472 504
Node 474, index 474: 132,243 Connections: 443 473 475 505
Node 475, index 475: 147,243 Connections: 444 474 505 507
Node 476, index 476: 163,240 Connections: 444 445 477 507
Node 477, index 477: 178,244 Connections: 476
Node 478, index 478: 192,243 Connections: 477
Node 479, index 479: 210,241 Connections: 448 478 480 510
Node 480, index 480: 228,240 Connections: 449 479 481 511
Node 481, index 481: 243,241 Connections: 450 480 512
Node 482, index 482: 258,241 Connections: 451 483
Node 483, index 483: 273,241 Connections: 484
Node 484, index 484: 291,243 Connections: 483 485 515
Node 485, index 485: 305,240 Connections: 454 484 486 516
Node 486, index 486: 324,241 Connections: 
Node 487, index 487: 339,244 Connections: 486 488 518 519
Node 488, index 488: 356,243 Connections: 487 519 520
Node 489, index 489: 371,242 Connections: 490
Node 490, index 490: 388,242 Connections: 459 489 491
Node 491, index 491: 403,241 Connections: 460 490 492 522
Node 492, index 492: 420,241 Connections: 491 493
Node 493, index 493: 432,243 Connections: 462 492 494 523 524
Node 494, index 494: 451,242 Connections: 463 493 525
Node 495, index 495: 466,240 Connections: 496 526
Node 496, index 496: 484,242 Connections: 495
Node 497, index 497: 3,257 Connections: 466 498
Node 498, index 498: 20,260 Connections: 529
Node 499, index 499: 36,260 Connections: 468 498 530
Node 500, index 500: 50,258 Connections: 469 499 501 531
Node 501, index 501: 67,256 Connections: 470 502
Node 502, index 502: 81,259 Connections: 471 501 503 532 533
Node 503, index 503: 96,256 Connections: 471 472 504 534
Node 504, index 504: 112,258 Connections: 473 503 535
Node 505, index 505: 132,256 Connections: 474 475 506
Node 506, index 506: 148,257 Connections: 507 537
Node 507, index 507: 161,256 Connections: 475 506 538
Node 508, index 508: 176,260 Connections: 509
Node 509, index 509: 195,257 Connections: 508 510 540
Node 510, index 510: 212,259 Connections: 479 509 511
Node 511, index 511: 226,257 Connections: 480 510 512
Node 512, index 512: 243,260 Connections: 511 513 544
Node 513, index 513: 257,258 Connections: 482 544
Node 514, index 514: 275,256 Connections: 513 515
Node 515, index 515: 288,257 Connections: 516
Node 516, index 516: 306,256 Connections: 484 515 547
Node 517, index 517: 323,258 Connections: 518 548
Node 518, index 518: 340,256 Connections: 487 519 549
Node 519, index 519: 355,256 Connections: 518 520
Node 520, index 520: 368,256 Connections: 489 519 521
Node 521, index 521: 386,256 Connections: 520
Node 522, index 522: 402,259 Connections: 491 521 523 553
Node 523, index 523: 420,257 Connections: 522 524
Node 524, index 524: 434,260 Connections: 523 555
Node 525, index 525: 450,259 Connections: 526
Node 526, index 526: 464,258 Connections: 495
Node 527, index 527: 482,259 Connections: 526 558
Node 528, index 528: 1,273 Connections: 497
Node 529, index 529: 19,272 Connections: 530 560
Node 530, index 530: 36,276 Connections: 499 529 531 562
Node 531, index 531: 52,276 Connections: 530 562
Node 532, index 532: 68,273 Connections: 531 533 563
Node 533, index 533: 82,273 Connections: 502 532 534
Node 534, index 534: 97,273 Connections: 503 533 565
Node 535, index 535: 112,273 Connections: 504 534 565 566
Node 536, index 536: 131,272 Connections: 505 537
Node 537, index 537: 144,275 Connections: 536
Node 538, index 538: 164,274 Connections: 539 569
Node 539, index 539: 177,276 Connections: 508
Node 540, index 540: 195,276 Connections: 509 539 570
Node 541, index 541: 208,275 Connections: 540 572
Node 542, index 542: 228,276 Connections: 511 543 573
Node 543, index 543: 243,273 Connections: 512 574
Node 544, index 544: 257,272 Connections: 512 575
Node 545, index 545: 273,276 Connections: 
Node 546, index 546: 289,272 Connections: 515 547 577
Node 547, index 547: 307,273 Connections: 546 548 578
Node 548, index 548: 322,274 Connections: 517 549 579
Node 549, index 549: 336,273 Connections: 517 518 550 579 580
Node 550, index 550: 355,275 Connections: 519 549 581
Node 551, index 551: 369,273 Connections: 520 550 552 582
Node 552, index 552: 384,276 Connections: 551 553 583
Node 553, index 553: 402,276 Connections: 552 554 584
Node 554, index 554: 418,274 Connections: 523 553
Node 555, index 555: 433,274 Connections: 554 556 586
Node 556, index 556: 452,276 Connections: 525 555 557 587
Node 557, index 557: 468,275 Connections: 558
Node 558, index 558: 483,275 Connections: 527 557 589
Node 559, index 559: 0,292 Connections: 590
Node 560, index 560: 18,289 Connections: 529 559
Node 561, index 561: 35,291 Connections: 530 562 592 593
Node 562, index 562: 51,288 Connections: 530 561 563
Node 563, index 563: 65,288 Connections: 531 532 562 564
Node 564, index 564: 81,292 Connections: 533 563 565 595
Node 565, index 565: 99,288 Connections: 534 564 566
Node 566, index 566: 113,290 Connections: 535 565 567 596 597
Node 567, index 567: 128,291 Connections: 536 598
Node 568, index 568: 145,292 Connections: 537 567 569
Node 569, index 569: 160,288 Connections: 538
Node 570, index 570: 180,289 Connections: 539 540 601
Node 571, index 571: 192,291 Connections: 570 602
Node 572, index 572: 211,291 Connections: 571
Node 573, index 573: 228,290 Connections: 542 572 574
Node 574, index 574: 243,291 Connections: 543 573 575 606
Node 575, index 575: 259,291 Connections: 574 576 607
Node 576, index 576: 274,289 Connections: 545 607
Node 577, index 577: 290,288 Connections: 546 576
Node 578, index 578: 308,292 Connections: 547 609 610
Node 579, index 579: 324,288 Connections: 549
Node 580, index 580: 340,289 Connections: 549 579 581
Node 581, index 581: 352,291 Connections: 550 580 612
Node 582, index 582: 370,291 Connections: 551 581 613
Node 583, index 583: 386,289 Connections: 552
Node 584, index 584: 403,289 Connections: 553 583 585 615
Node 585, index 585: 416,292 Connections: 554 584 586 615
Node 586, index 586: 434,290 Connections: 555 585
Node 587, index 587: 450,291 Connections: 556 618
Node 588, index 588: 467,291 Connections: 557 589
Node 589, index 589: 484,291 Connections: 588
Node 590, index 590: 3,306 Connections: 591
Node 591, index 591: 17,305 Connections: 560 590
Node 592, index 592: 36,306 Connections: 591
Node 593, index 593: 48,304 Connections: 561 562 594
Node 594, index 594: 67,304 Connections: 563 564 593 595 625
Node 595, index 595: 84,304 Connections: 594 596 626
Node 596, index 596: 100,304 Connections: 565 566 595 627
Node 597, index 597: 114,307 Connections: 566 596 628
Node 598, index 598: 128,307 Connections: 567 628 629
Node 599, index 599: 145,304 Connections: 568 600 630
Node 600, index 600: 161,308 Connections: 599 601 631
Node 601, index 601: 178,308 Connections: 570 600 602 632
Node 602, index 602: 194,306 Connections: 603
Node 603, index 603: 210,305 Connections: 602 604 634
Node 604, index 604: 227,306 Connections: 573 605 635
Node 605, index 605: 244,306 Connections: 606 636
Node 606, index 606: 257,304 Connections: 574 575 605
Node 607, index 607: 274,304 Connections: 576 608
Node 608, index 608: 291,308 Connections: 607 609 639
Node 609, index 609: 304,307 Connections: 578 608 610
Node 610, index 610: 322,304 Connections: 609 611 641
Node 611, index 611: 337,308 Connections: 580 610 641 642
Node 612, index 612: 352,304 Connections: 581
Node 613, index 613: 372,305 Connections: 582 614 644
Node 614, index 614: 387,307 Connections: 583 615 645 646
Node 615, index 615: 404,307 Connections: 584 585 614
Node 616, index 616: 417,308 Connections: 615 617
Node 617, index 617: 433,308 Connections: 616 647 648
Node 618, index 618: 449,307 Connections: 617 649
Node 619, index 619: 468,307 Connections: 588 620
Node 620, index 620: 480,307 Connections: 589 651
Node 621, index 621: 2,320 Connections: 622
Node 622, index 622: 18,324 Connections: 591 621
Node 623, index 623: 36,323 Connections: 592 622 624 654 655
Node 624, index 624: 50,320 Connections: 592 593 623
Node 625, index 625: 65,323 Connections: 594 624 626 656
Node 626, index 626: 80,322 Connections: 627 657
Node 627, index 627: 97,320 Connections: 596 658
Node 628, index 628: 116,320 Connections: 597 598 627 629
Node 629, index 629: 132,321 Connections: 598 628 660
Node 630, index 630: 145,320 Connections: 599 631 661
Node 631, index 631: 160,321 Connections: 600 630 632 662
Node 632, index 632: 179,323 Connections: 601
Node 633, index 633: 195,321 Connections: 602 632 664
Node 634, index 634: 212,324 Connections: 603 633 635 665
Node 635, index 635: 228,322 Connections: 604 634 636
Node 636, index 636: 242,323 Connections: 635
Node 637, index 637: 258,320 Connections: 606 638
Node 638, index 638: 276,324 Connections: 637 669 670
Node 639, index 639: 290,321 Connections: 608 609 638 640 670
Node 640, index 640: 306,323 Connections: 609 639 641 671
Node 641, index 641: 323,322 Connections: 610 611 640 672
Node 642, index 642: 338,320 Connections: 611 643
Node 643, index 643: 353,324 Connections: 642 644 674
Node 644, index 644: 372,323 Connections: 613 645 675
Node 645, index 645: 384,324 Connections: 614 644
Node 646, index 646: 401,321 Connections: 645 677
Node 647, index 647: 417,320 Connections: 615 646
Node 648, index 648: 436,323 Connections: 617
Node 649, index 649: 449,324 Connections: 650 679 680
Node 650, index 650: 464,322 Connections: 619 649
Node 651, index 651: 483,321 Connections: 682
Node 652, index 652: 1,339 Connections: 621 653
Node 653, index 653: 18,339 Connections: 654 684
Node 654, index 654: 36,338 Connections: 623
Node 655, index 655: 48,339 Connections: 623 624 654 656 686
Node 656, index 656: 68,339 Connections: 655 657 687 688
Node 657, index 657: 81,340 Connections: 656
Node 658, index 658: 100,338 Connections: 627 657 689
Node 659, index 659: 114,340 Connections: 
Node 660, index 660: 129,338 Connections: 629 659 661 691
Node 661, index 661: 144,338 Connections: 630 660 692
Node 662, index 662: 160,340 Connections: 663 693
Node 663, index 663: 176,336 Connections: 632 662 694
Node 664, index 664: 195,338 Connections: 633 663
Node 665, index 665: 212,337 Connections: 634 666
Node 666, index 666: 225,340 Connections: 665 667
Node 667, index 667: 240,339 Connections: 636
Node 668, index 668: 256,337 Connections: 636 637
Node 669, index 669: 276,339 Connections: 638 670 700
Node 670, index 670: 288,339 Connections: 639 669
Node 671, index 671: 308,338 Connections: 672 703
Node 672, index 672: 320,339 Connections: 641
Node 673, index 673: 337,339 Connections: 642 672 674
Node 674, index 674: 352,339 Connections: 643 675 705
Node 675, index 675: 372,339 Connections: 644 674 676 706 707
Node 676, index 676: 388,337 Connections: 645 677 707
Node 677, index 677: 403,338 Connections: 646 676
Node 678, index 678: 418,338 Connections: 677 679 709
Node 679, index 679: 436,339 Connections: 648 678 680
Node 680, index 680: 449,340 Connections: 649 679 711
Node 681, index 681: 467,339 Connections: 650 682 712
Node 682, index 682: 484,338 Connections: 651 681
Node 683, index 683: 0,356 Connections: 684
Node 684, index 684: 18,354 Connections: 
Node 685, index 685: 33,353 Connections: 684
Node 686, index 686: 50,354 Connections: 655 685 687 717
Node 687, index 687: 67,355 Connections: 656 718
Node 688, index 688: 80,352 Connections: 656 687 719
Node 689, index 689: 99,354 Connections: 658 688 720
Node 690, index 690: 116,355 Connections: 721 722
Node 691, index 691: 130,354 Connections: 660 690 692 722
Node 692, index 692: 147,356 Connections: 661 693 723
Node 693, index 693: 163,355 Connections: 694 724
Node 694, index 694: 179,354 Connections: 663 693 695
Node 695, index 695: 194,352 Connections: 664 726
Node 696, index 696: 209,356 Connections: 665 695 697 727
Node 697, index 697: 228,352 Connections: 667 696 698 728
Node 698, index 698: 241,355 Connections: 697 699
Node 699, index 699: 258,356 Connections: 668 700 729 730
Node 700, index 700: 275,356 Connections: 669 699 701
Node 701, index 701: 288,355 Connections: 669 670 732
Node 702, index 702: 307,356 Connections: 701 703
Node 703, index 703: 320,353 Connections: 672 704 734
Node 704, index 704: 339,354 Connections: 674 705 735
Node 705, index 705: 354,352 Connections: 674 706
Node 706, index 706: 369,356 Connections: 675 707
Node 707, index 707: 384,352 Connections: 675 676
Node 708, index 708: 402,355 Connections: 677 707 709 739
Node 709, index 709: 417,354 Connections: 678
Node 710, index 710: 434,356 Connections: 679 711 741 742
Node 711, index 711: 449,355 Connections: 680 710 712 742
Node 712, index 712: 468,352 Connections: 681 713 743
Node 713, index 713: 480,355 Connections: 682 712 744
Node 714, index 714: 1,372 Connections: 683 715 745
Node 715, index 715: 20,372 Connections: 684 746 747
Node 716, index 716: 34,370 Connections: 685 747
Node 717, index 717: 48,370 Connections: 686 716 718 747
Node 718, index 718: 67,368 Connections: 687 749
Node 719, index 719: 82,369 Connections: 688 750
Node 720, index 720: 98,371 Connections: 719 751
Node 721, index 721: 115,368 Connections: 690 720
Node 722, index 722: 131,368 Connections: 690 692
Node 723, index 723: 147,372 Connections: 754
Node 724, index 724: 164,370 Connections: 693 725 756
Node 725, index 725: 180,372 Connections: 694 724 756 757
Node 726, index 726: 193,370 Connections: 695 725
Node 727, index 727: 208,369 Connections: 696 726 758
Node 728, index 728: 228,372 Connections: 697 759 760
Node 729, index 729: 243,369 Connections: 698 728 730 760
Node 730, index 730: 256,371 Connections: 699 760
Node 731, index 731: 276,369 Connections: 701 732 762
Node 732, index 732: 292,370 Connections: 701 764
Node 733, index 733: 308,372 Connections: 732 734 764
Node 734, index 734: 321,371 Connections: 735
Node 735, index 735: 338,369 Connections: 704
Node 736, index 736: 353,370 Connections: 705 766
Node 737, index 737: 369,372 Connections: 706 736 738
Node 738, index 738: 385,370 Connections: 769
Node 739, index 739: 401,369 Connections: 738 770
Node 740, index 740: 420,371 Connections: 709 739 741 771
Node 741, index 741: 433,370 Connections: 710 742 772
Node 742, index 742: 448,370 Connections: 711
Node 743, index 743: 465,368 Connections: 712 713 744
Node 744, index 744: 481,370 Connections: 743 775
Node 745, index 745: 3,387 Connections: 746
Node 746, index 746: 19,388 Connections: 715 745 747 777
Node 747, index 747: 35,384 Connections: 715 746
Node 748, index 748: 50,386 Connections: 717 747 749 779
Node 749, index 749: 64,385 Connections: 748
Node 750, index 750: 84,386 Connections: 719
Node 751, index 751: 96,384 Connections: 752
Node 752, index 752: 113,387 Connections: 721 753
Node 753, index 753: 129,387 Connections: 722 754 784
Node 754, index 754: 144,386 Connections: 723 755
Node 755, index 755: 162,387 Connections: 724
Node 756, index 756: 178,384 Connections: 724 757 787
Node 757, index 757: 193,385 Connections: 725 726 758
Node 758, index 758: 209,386 Connections: 727 757 759 789
Node 759, index 759: 227,385 Connections: 758 760
Node 760, index 760: 242,385 Connections: 728 759 761 791
Node 761, index 761: 256,388 Connections: 760
Node 762, index 762: 276,384 Connections: 731
Node 763, index 763: 290,384 Connections: 762
Node 764, index 764: 304,386 Connections: 733 763
Node 765, index 765: 321,388 Connections: 766 796
Node 766, index 766: 340,385 Connections: 735 736 798
Node 767, index 767: 352,385 Connections: 736 766 768 798
Node 768, index 768: 369,386 Connections: 767 769 799
Node 769, index 769: 386,388 Connections: 738 768 770
Node 770, index 770: 402,388 Connections: 739 769 801
Node 771, index 771: 418,386 Connections: 770 802
Node 772, index 772: 433,387 Connections: 741 771 773 803
Node 773, index 773: 450,388 Connections: 742 772
Node 774, index 774: 464,388 Connections: 773 805
Node 775, index 775: 480,386 Connections: 
Node 776, index 776: 1,404 Connections: 745 807
Node 777, index 777: 19,404 Connections: 778
Node 778, index 778: 36,403 Connections: 747 779 809
Node 779, index 779: 51,402 Connections: 748 780
Node 780, index 780: 67,401 Connections: 749
Node 781, index 781: 83,404 Connections: 750 780 782
Node 782, index 782: 99,404 Connections: 781 783
Node 783, index 783: 112,403 Connections: 784 813 814
Node 784, index 784: 132,403 Connections: 753 783
Node 785, index 785: 147,400 Connections: 754 784 816
Node 786, index 786: 164,404 Connections: 755 785 787 816
Node 787, index 787: 178,401 Connections: 756 786 788 818
Node 788, index 788: 195,404 Connections: 757 787 789 820
Node 789, index 789: 208,402 Connections: 758 790 820
Node 790, index 790: 224,400 Connections: 789 821
Node 791, index 791: 240,404 Connections: 760 792
Node 792, index 792: 259,402 Connections: 761 793 823
Node 793, index 793: 275,404 Connections: 
Node 794, index 794: 290,402 Connections: 793 795
Node 795, index 795: 304,401 Connections: 764 796
Node 796, index 796: 322,404 Connections: 795 797 827
Node 797, index 797: 338,402 Connections: 796 828
Node 798, index 798: 352,401 Connections: 767 829
Node 799, index 799: 372,404 Connections: 800
Node 800, index 800: 387,402 Connections: 769 799 831
Node 801, index 801: 404,403 Connections: 770 802
Node 802, index 802: 420,403 Connections: 771 803 833
Node 803, index 803: 434,404 Connections: 802 804 834
Node 804, index 804: 448,403 Connections: 803 805 835
Node 805, index 805: 464,404 Connections: 774 804 836
Node 806, index 806: 484,402 Connections: 775 837
Node 807, index 807: 2,417 Connections: 776
Node 808, index 808: 20,420 Connections: 777 809
Node 809, index 809: 32,419 Connections: 777 839
Node 810, index 810: 52,417 Connections: 779 811 842
Node 811, index 811: 66,417 Connections: 842
Node 812, index 812: 82,418 Connections: 781 813
Node 813, index 813: 98,417 Connections: 781 782
Node 814, index 814: 116,418 Connections: 783 813
Node 815, index 815: 131,420 Connections: 816 846
Node 816, index 816: 148,416 Connections: 785 786 817
Node 817, index 817: 162,418 Connections: 786 848
Node 818, index 818: 180,419 Connections: 817
Node 819, index 819: 194,419 Connections: 788 818 849
Node 820, index 820: 211,416 Connections: 
Node 821, index 821: 225,418 Connections: 820 852
Node 822, index 822: 240,417 Connections: 791 823
Node 823, index 823: 259,419 Connections: 792 822 824
Node 824, index 824: 275,417 Connections: 793 823
Node 825, index 825: 290,418 Connections: 794 824 826 856
Node 826, index 826: 306,420 Connections: 795 825
Node 827, index 827: 322,416 Connections: 796
Node 828, index 828: 338,420 Connections: 827 858 859
Node 829, index 829: 354,416 Connections: 828 830 860
Node 830, index 830: 371,416 Connections: 799 829 861
Node 831, index 831: 385,420 Connections: 800 830 832 861
Node 832, index 832: 403,420 Connections: 801 831 833
Node 833, index 833: 420,416 Connections: 803 832 834
Node 834, index 834: 436,419 Connections: 803 833 835 865
Node 835, index 835: 451,418 Connections: 805 866
Node 836, index 836: 466,417 Connections: 805 835 837 867
Node 837, index 837: 484,416 Connections: 806
Node 838, index 838: 2,432 Connections: 807 839 869
Node 839, index 839: 17,432 Connections: 808 809 840
Node 840, index 840: 34,433 Connections: 808 809 839 841 871
Node 841, index 841: 48,436 Connections: 840 842 872
Node 842, index 842: 65,432 Connections: 810 811
Node 843, index 843: 82,433 Connections: 842 844
Node 844, index 844: 100,434 Connections: 813 843 845
Node 845, index 845: 115,432 Connections: 814 844 846
Node 846, index 846: 130,436 Connections: 815 845 847 877
Node 847, index 847: 144,434 Connections: 815 848 878
Node 848, index 848: 162,432 Connections: 817 847 849 879
Node 849, index 849: 180,433 Connections: 818 850 880
Node 850, index 850: 196,433 Connections: 849 882
Node 851, index 851: 209,435 Connections: 820 881 882
Node 852, index 852: 227,435 Connections: 821 851 853 884
Node 853, index 853: 242,432 Connections: 822 852 884
Node 854, index 854: 260,434 Connections: 885
Node 855, index 855: 272,433 Connections: 854
Node 856, index 856: 288,434 Connections: 855 857 887
Node 857, index 857: 307,432 Connections: 826 856 888
Node 858, index 858: 324,433 Connections: 828 857 859 889
Node 859, index 859: 336,432 Connections: 828 858 860
Node 860, index 860: 354,436 Connections: 
Node 861, index 861: 372,433 Connections: 830 860 862 892
Node 862, index 862: 387,435 Connections: 831 861 863 893
Node 863, index 863: 402,433 Connections: 832 862
Node 864, index 864: 418,436 Connections: 863 895 896
Node 865, index 865: 433,432 Connections: 866
Node 866, index 866: 451,435 Connections: 865 867
Node 867, index 867: 464,435 Connections: 836 866 898
Node 868, index 868: 480,435 Connections: 867 898 899
Node 869, index 869: 1,449 Connections: 838 870 900
Node 870, index 870: 19,452 Connections: 871 900 901
Node 871, index 871: 34,450 Connections: 840 870 872
Node 872, index 872: 48,449 Connections: 871 873 903
Node 873, index 873: 65,449 Connections: 874
Node 874, index 874: 81,449 Connections: 873 875
Node 875, index 875: 99,451 Connections: 844 876 906 907
Node 876, index 876: 115,452 Connections: 845 907
Node 877, index 877: 131,450 Connections: 876 908
Node 878, index 878: 145,450 Connections: 877 909
Node 879, index 879: 162,451 Connections: 878 910
Node 880, index 880: 180,452 Connections: 849
Node 881, index 881: 195,448 Connections: 851 912
Node 882, index 882: 209,448 Connections: 850 851
Node 883, index 883: 226,450 Connections: 882
Node 884, index 884: 241,448 Connections: 883
Node 885, index 885: 256,449 Connections: 884 886
Node 886, index 886: 274,452 Connections: 885 917
Node 887, index 887: 291,449 Connections: 856 888
Node 888, index 888: 308,450 Connections: 889 919
Node 889, index 889: 321,450 Connections: 890 920
Node 890, index 890: 337,451 Connections: 889
Node 891, index 891: 354,452 Connections: 860 890 892 921
Node 892, index 892: 372,449 Connections: 861 923
Node 893, index 893: 388,450 Connections: 892 894 924
Node 894, index 894: 403,450 Connections: 863 895 925
Node 895, index 895: 417,448 Connections: 894 926
Node 896, index 896: 434,448 Connections: 897 927
Node 897, index 897: 451,450 Connections: 866 867
Node 898, index 898: 467,450 Connections: 897 929
Node 899, index 899: 483,452 Connections: 898 929 930
Node 900, index 900: 4,464 Connections: 870 901 931
Node 901, index 901: 16,467 Connections: 902
Node 902, index 902: 36,467 Connections: 871 903 933
Node 903, index 903: 51,464 Connections: 934
Node 904, index 904: 66,467 Connections: 935
Node 905, index 905: 82,465 Connections: 874 904 906 936
Node 906, index 906: 98,466 Connections: 905 907
Node 907, index 907: 114,464 Connections: 906
Node 908, index 908: 132,466 Connections: 907 909 939 940
Node 909, index 909: 148,466 Connections: 908 910
Node 910, index 910: 161,464 Connections: 911 941
Node 911, index 911: 179,466 Connections: 912 942
Node 912, index 912: 195,467 Connections: 881
Node 913, index 913: 212,468 Connections: 912 914
Node 914, index 914: 227,465 Connections: 883 945 946
Node 915, index 915: 242,466 Connections: 884 916 946
Node 916, index 916: 258,465 Connections: 947
Node 917, index 917: 274,466 Connections: 916 948
Node 918, index 918: 290,467 Connections: 887 917 919 948 949
Node 919, index 919: 307,466 Connections: 888 918 920 950
Node 920, index 920: 324,466 Connections: 889 951
Node 921, index 921: 339,464 Connections: 890 920 952
Node 922, index 922: 355,466 Connections: 891 921 923 953
Node 923, index 923: 372,468 Connections: 892 924 954
Node 924, index 924: 384,467 Connections: 893 925 955
Node 925, index 925: 401,466 Connections: 924 926
Node 926, index 926: 416,464 Connections: 895
Node 927, index 927: 432,467 Connections: 896 928 958
Node 928, index 928: 449,465 Connections: 927 929 959
Node 929, index 929: 467,464 Connections: 898 928 930 960
Node 930, index 930: 481,465 Connections: 
Node 931, index 931: 2,482 Connections: 900 932
Node 932, index 932: 19,482 Connections: 901 931 933
Node 933, index 933: 34,484 Connections: 934 963 964
Node 934, index 934: 51,483 Connections: 903 935 965
Node 935, index 935: 65,481 Connections: 904 934 936
Node 936, index 936: 83,481 Connections: 967
Node 937, index 937: 100,480 Connections: 906 936
Node 938, index 938: 116,482 Connections: 969
Node 939, index 939: 131,483 Connections: 940
Node 940, index 940: 146,480 Connections: 909 939 941
Node 941, index 941: 161,481 Connections: 910 942 972
Node 942, index 942: 176,482 Connections: 911 943 973
Node 943, index 943: 192,483 Connections: 912 942
Node 944, index 944: 212,484 Connections: 913 945
Node 945, index 945: 224,482 Connections: 946 976
Node 946, index 946: 240,480 Connections: 914 977
Node 947, index 947: 258,482 Connections: 916 946 978
Node 948, index 948: 275,480 Connections: 917 918 947 949 979
Node 949, index 949: 291,484 Connections: 948 950
Node 950, index 950: 304,484 Connections: 919
Node 951, index 951: 324,484 Connections: 952 983
Node 952, index 952: 336,480 Connections: 921 951 953 983
Node 953, index 953: 352,480 Connections: 922
Node 954, index 954: 372,484 Connections: 923
Node 955, index 955: 388,482 Connections: 924 986
Node 956, index 956: 404,481 Connections: 925 955 987
Node 957, index 957: 417,484 Connections: 958 987
Node 958, index 958: 436,484 Connections: 927 957 959
Node 959, index 959: 449,482 Connections: 928 960 990
Node 960, index 960: 467,483 Connections: 959
Node 961, index 961: 484,482 Connections: 930
Node 962, index 962: 1,500 Connections: 963 993
Node 963, index 963: 19,497 Connections: 932 994
Node 964, index 964: 35,498 Connections: 963 965
Node 965, index 965: 51,500 Connections: 966
Node 966, index 966: 68,497 Connections: 935 997
Node 967, index 967: 83,497 Connections: 966 968 998
Node 968, index 968: 97,499 Connections: 967 969 999
Node 969, index 969: 112,498 Connections: 938 968 970 1000
Node 970, index 970: 132,498 Connections: 939 969
Node 971, index 971: 146,499 Connections: 972
Node 972, index 972: 161,499 Connections: 941 971 973
Node 973, index 973: 180,500 Connections: 942 972 974
Node 974, index 974: 196,498 Connections: 973
Node 975, index 975: 212,500 Connections: 976
Node 976, index 976: 224,498 Connections: 944 945 977
Node 977, index 977: 240,500 Connections: 946 976 978
Node 978, index 978: 258,497 Connections: 977 979
Node 979, index 979: 272,498 Connections: 978
Node 980, index 980: 290,499 Connections: 979
Node 981, index 981: 306,496 Connections: 982
Node 982, index 982: 323,496 Connections: 981
Node 983, index 983: 338,496 Connections: 951 952
Node 984, index 984: 352,500 Connections: 983
Node 985, index 985: 372,497 Connections: 986
Node 986, index 986: 385,496 Connections: 954 955 987
Node 987, index 987: 403,496 Connections: 956 957 986
Node 988, index 988: 416,497 Connections: 956 957
Node 989, index 989: 436,499 Connections: 958 990
Node 990, index 990: 451,498 Connections: 959 989 991
Node 991, index 991: 464,497 Connections: 990 992
Node 992, index 992: 483,497 Connections: 961
Node 993, index 993: 2,513 Connections: 994
Node 994, index 994: 18,512 Connections: 963 993
Node 995, index 995: 32,513 Connections: 
Node 996, index 996: 48,515 Connections: 997
Node 997, index 997: 64,515 Connections: 965 966 996 998
Node 998, index 998: 82,516 Connections: 967 999
Node 999, index 999: 98,515 Connections: 968 998
Node 1000, index 1000: 113,515 Connections: 
