input2.cav

0 0 0 0 0 1 0 0 0 0 0 0 0 0 0 0 0 0 0 0
0 0 1 0 0 0 1 0 0 0 0 1 0 0 0 0 0 0 0 0
0 1 0 1 0 0 0 0 0 0 0 0 0 0 0 0 0 0 0 0
0 0 1 0 1 0 0 0 0 0 0 0 0 0 0 0 0 0 0 1
0 0 0 1 0 0 0 0 0 0 0 0 0 0 0 0 0 0 1 0
1 0 0 0 0 0 0 0 0 0 0 0 0 0 1 0 0 0 0 0
0 1 0 0 0 0 0 1 0 0 0 0 0 0 0 0 0 0 0 0
0 0 0 0 0 0 1 0 0 0 0 0 0 0 0 0 0 0 0 0
0 0 0 0 0 0 0 0 0 0 1 0 0 0 1 1 0 0 0 0
0 0 0 0 0 0 0 0 0 0 0 0 0 0 0 0 1 1 0 0
0 0 0 0 0 0 0 0 1 0 0 0 0 0 0 0 0 0 0 0
0 1 0 0 0 0 0 0 0 0 0 0 0 0 0 0 0 0 0 0
0 0 0 0 0 0 0 0 0 0 0 0 0 0 0 0 0 0 0 0
0 0 0 0 0 0 0 0 0 0 0 0 0 0 0 0 0 0 0 0
0 0 0 0 0 1 0 0 1 0 0 0 0 0 0 0 0 0 0 0
0 0 0 0 0 0 0 0 1 0 0 0 0 0 0 0 0 0 0 0
0 0 0 0 0 0 0 0 0 1 0 0 0 0 0 0 0 0 0 0
0 0 0 0 0 0 0 0 0 1 0 0 0 0 0 0 0 0 0 0
0 0 0 0 1 0 0 0 0 0 0 0 0 0 0 0 0 0 0 1
0 0 0 1 0 0 0 0 0 0 0 0 0 0 0 0 0 0 1 0

Node 1, index 0: 2,14 Connections: 0 0 0 0 0 1 0 0 0 0 0 0 0 0 0 0 0 0 0 0
Node 2, index 1: 5,10 Connections: 0 0 1 0 0 0 1 0 0 0 0 1 0 0 0 0 0 0 0 0
Node 3, index 2: 8,14 Connections: 0 1 0 1 0 0 0 0 0 0 0 0 0 0 0 0 0 0 0 0
Node 4, index 3: 12,10 Connections: 0 0 1 0 1 0 0 0 0 0 0 0 0 0 0 0 0 0 0 1
Node 5, index 4: 18,15 Connections: 0 0 0 1 0 0 0 0 0 0 0 0 0 0 0 0 0 0 1 0
Node 6, index 5: 1,3 Connections: 1 0 0 0 0 0 0 0 0 0 0 0 0 0 1 0 0 0 0 0
Node 7, index 6: 6,4 Connections: 0 1 0 0 0 0 0 1 0 0 0 0 0 0 0 0 0 0 0 0
Node 8, index 7: 12,4 Connections: 0 0 0 0 0 0 1 0 0 0 0 0 0 0 0 0 0 0 0 0
Node 9, index 8: 18,3 Connections: 0 0 0 0 0 0 0 0 0 0 1 0 0 0 1 1 0 0 0 0
Node 10, index 9: 22,7 Connections: 0 0 0 0 0 0 0 0 0 0 0 0 0 0 0 0 1 1 0 0
Node 11, index 10: 16,8 Connections: 0 0 0 0 0 0 0 0 1 0 0 0 0 0 0 0 0 0 0 0
Node 12, index 11: 8,7 Connections: 0 1 0 0 0 0 0 0 0 0 0 0 0 0 0 0 0 0 0 0
Node 13, index 12: 4,0 Connections: 0 0 0 0 0 0 0 0 0 0 0 0 0 0 0 0 0 0 0 0
Node 14, index 13: 9,0 Connections: 0 0 0 0 0 0 0 0 0 0 0 0 0 0 0 0 0 0 0 0
Node 15, index 14: 14,1 Connections: 0 0 0 0 0 1 0 0 1 0 0 0 0 0 0 0 0 0 0 0
Node 16, index 15: 19,1 Connections: 0 0 0 0 0 0 0 0 1 0 0 0 0 0 0 0 0 0 0 0
Node 17, index 16: 24,1 Connections: 0 0 0 0 0 0 0 0 0 1 0 0 0 0 0 0 0 0 0 0
Node 18, index 17: 28,1 Connections: 0 0 0 0 0 0 0 0 0 1 0 0 0 0 0 0 0 0 0 0
Node 19, index 18: 27,13 Connections: 0 0 0 0 1 0 0 0 0 0 0 0 0 0 0 0 0 0 0 1
Node 20, index 19: 19,10 Connections: 0 0 0 1 0 0 0 0 0 0 0 0 0 0 0 0 0 0 1 0
